{
 "cells": [
  {
   "cell_type": "code",
   "execution_count": 66,
   "metadata": {},
   "outputs": [],
   "source": [
    "import requests\n",
    "import base64\n",
    "from bs4 import BeautifulSoup\n",
    "import re"
   ]
  },
  {
   "cell_type": "code",
   "execution_count": null,
   "metadata": {},
   "outputs": [],
   "source": [
    "# Spotify API credentials\n",
    "CLIENT_ID = '' #Spotify API client ID\n",
    "CLIENT_SECRET = '' #Spotify API client secret"
   ]
  },
  {
   "cell_type": "code",
   "execution_count": 2,
   "metadata": {},
   "outputs": [],
   "source": [
    "# Get an access token\n",
    "def get_access_token(client_id, client_secret):\n",
    "    auth_url = 'https://accounts.spotify.com/api/token'\n",
    "    auth_header = base64.b64encode(f\"{client_id}:{client_secret}\".encode()).decode()\n",
    "    headers = {\n",
    "        'Authorization': f'Basic {auth_header}'\n",
    "    }\n",
    "    data = {\n",
    "        'grant_type': 'client_credentials'\n",
    "    }\n",
    "    response = requests.post(auth_url, headers=headers, data=data)\n",
    "    if response.status_code == 200:\n",
    "        return response.json().get('access_token')\n",
    "    else:\n",
    "        print(f\"Error getting access token: {response.status_code} - {response.text}\")\n",
    "        return None"
   ]
  },
  {
   "cell_type": "code",
   "execution_count": null,
   "metadata": {},
   "outputs": [],
   "source": [
    "# Search for tracks from a specific year\n",
    "def search_tracks(year, access_token):\n",
    "    url = 'https://api.spotify.com/v1/search'\n",
    "    headers = {\n",
    "        'Authorization': f'Bearer {access_token}'\n",
    "    }\n",
    "    params = {\n",
    "        'q': f'year:{year}',\n",
    "        'limit': 50,\n",
    "        'offset': 0,\n",
    "        'type': 'track',  \n",
    "        'market': 'US'  # should we keep this?\n",
    "    }\n",
    "    response = requests.get(url, headers=headers, params=params)\n",
    "    if response.status_code == 200:\n",
    "        return response.json()\n",
    "    else:\n",
    "        print(f\"Error fetching tracks: {response.status_code} - {response.text}\")\n",
    "        return None"
   ]
  },
  {
   "cell_type": "code",
   "execution_count": null,
   "metadata": {},
   "outputs": [],
   "source": [
    "# Search for the track ID by its name and its artist's name\n",
    "def get_track_id(track_name, artist_name, access_token):\n",
    "    url = 'https://api.spotify.com/v1/search'\n",
    "    headers = {\n",
    "        'Authorization': f'Bearer {access_token}'\n",
    "    }\n",
    "    params = {\n",
    "        'q': f'track:{track_name} artist:{artist_name}', \n",
    "        'limit': 1,\n",
    "        'type': 'track',  \n",
    "        'market': 'US'  # should we keep this?\n",
    "    }\n",
    "    response = requests.get(url, headers=headers, params=params)\n",
    "    if response.status_code == 200:\n",
    "        # Parse the response JSON\n",
    "        search_results = response.json()\n",
    "        # Get the track ID of the first search result\n",
    "        if 'tracks' in search_results and search_results['tracks']['items']:\n",
    "            track_id = search_results['tracks']['items'][0]['id']\n",
    "            return track_id\n",
    "        else:\n",
    "            return None\n",
    "    else:\n",
    "        print(f\"Error: {response.status_code}, {response.text}\")\n",
    "        return None\n"
   ]
  },
  {
   "cell_type": "code",
   "execution_count": 54,
   "metadata": {},
   "outputs": [],
   "source": [
    "# Search for the artist ID by their name\n",
    "def get_artist_id(artist_name, access_token):\n",
    "    url = 'https://api.spotify.com/v1/search'\n",
    "    headers = {\n",
    "        'Authorization': f'Bearer {access_token}'\n",
    "    }\n",
    "    params = {\n",
    "        'q': artist_name, \n",
    "        'limit': 1,\n",
    "        'type': 'artist',  \n",
    "        'market': 'US'  # should we keep this?\n",
    "    }\n",
    "    response = requests.get(url, headers=headers, params=params)\n",
    "    if response.status_code == 200:\n",
    "        # Parse the response JSON\n",
    "        search_results = response.json()\n",
    "        # Get the track ID of the first search result\n",
    "        if 'artists' in search_results:\n",
    "            artist_id = search_results['artists']['items'][0]['id']\n",
    "            return artist_id\n",
    "        else:\n",
    "            return None  # No artist found for the name\n",
    "    else:\n",
    "        print(f\"Error {response.status_code}: {response.text}\")\n",
    "        return None"
   ]
  },
  {
   "cell_type": "code",
   "execution_count": null,
   "metadata": {},
   "outputs": [],
   "source": [
    "def get_track_features(track_id, access_token):\n",
    "    track_url = 'https://api.spotify.com/v1/tracks/{track_id}'\n",
    "    headers = {\n",
    "        'Authorization': f'Bearer {access_token}'\n",
    "    }\n",
    "    url = track_url.format(track_id=track_id)\n",
    "    response = requests.get(url, headers=headers)\n",
    "    if response.status_code == 200:\n",
    "        # Parse the response JSON\n",
    "        track_data = response.json()\n",
    "        # Extracting features and storing them in a dictionary\n",
    "        track_info = {\n",
    "        'track_name': track_data['name'],\n",
    "        'main_artist': track_data['artists'][0]['name'], # might remove this\n",
    "        'all_artists': [],  \n",
    "        'popularity': track_data['popularity'],\n",
    "        'duration_ms': track_data['duration_ms'],\n",
    "        'explicit': track_data['explicit'],\n",
    "        'release_date': track_data['album']['release_date']\n",
    "        }\n",
    "        # to get all the artists featured on the song\n",
    "        for artist in track_data['artists']:\n",
    "            name=artist['name']\n",
    "            track_info['all_artists'].append(name)\n",
    "\n",
    "        return track_info\n",
    "\n",
    "    else:\n",
    "        print(f\"Error: {response.status_code}, {response.text}\")\n",
    "        return 0"
   ]
  },
  {
   "cell_type": "code",
   "execution_count": 57,
   "metadata": {},
   "outputs": [],
   "source": [
    "def get_artist_features(artist_id, access_token):\n",
    "    url = 'https://api.spotify.com/v1/artists/{artist_id}'\n",
    "    headers = {\n",
    "        'Authorization': f'Bearer {access_token}'\n",
    "    }\n",
    "    url = url.format(artist_id=artist_id)\n",
    "    response = requests.get(url, headers=headers)\n",
    "    if response.status_code == 200:\n",
    "        # Parse the response JSON\n",
    "        artist_data = response.json()\n",
    "        # Extracting features and storing them in a dictionary\n",
    "        artist_info = {\n",
    "        'artist_name': artist_data['name'],\n",
    "        'genres': artist_data['genres'],\n",
    "        'popularity': artist_data['popularity'],\n",
    "        'followers': artist_data['followers']['total'],\n",
    "        }\n",
    "        return artist_info\n",
    "\n",
    "    else:\n",
    "        print(f\"Error: {response.status_code}, {response.text}\")\n",
    "        return 0"
   ]
  },
  {
   "cell_type": "code",
   "execution_count": null,
   "metadata": {},
   "outputs": [],
   "source": [
    "# MusicBrainz and AcouaticBrainz\n",
    "\n",
    "def get_song_mbid(song_name, artist_name):\n",
    "    url = 'https://musicbrainz.org/ws/2/recording/'\n",
    "    params = {\n",
    "        'query': f'recording:\"{song_name}\" artist:\"{artist_name}\"',\n",
    "        'limit': 1,  \n",
    "        'fmt': 'json'  \n",
    "    }\n",
    "    response = requests.get(url, params=params)\n",
    "    if response.status_code == 200:\n",
    "        data = response.json()\n",
    "        # Check if any results were returned\n",
    "        if data['recordings']:\n",
    "            # Get the MBID of the first recording result\n",
    "            mbid = data['recordings'][0]['id']\n",
    "            return mbid\n",
    "        else:\n",
    "            print(\"Song not found.\")\n",
    "            return None\n",
    "    else:\n",
    "        print(f\"Error {response.status_code}: {response.text}\")\n",
    "        return None"
   ]
  },
  {
   "cell_type": "code",
   "execution_count": 108,
   "metadata": {},
   "outputs": [],
   "source": [
    "def get_audio_features(mbid):\n",
    "    url = f'https://acousticbrainz.org/api/v1/{mbid}/low-level'\n",
    "    \n",
    "    url = url.format(mbid=mbid)\n",
    "    response = requests.get(url)\n",
    "    if response.status_code == 200:\n",
    "        # Return the low-level audio features as a JSON dictionary\n",
    "        return response.json()\n",
    "    else:\n",
    "        print(f\"Error {response.status_code}: {response.text}\")\n",
    "        return None"
   ]
  },
  {
   "cell_type": "code",
   "execution_count": null,
   "metadata": {},
   "outputs": [],
   "source": [
    "def get_audio_features(track_id, access_token):\n",
    "    track_url = 'https://api.spotify.com/v1/audio-features/{track_id}'\n",
    "    headers = {\n",
    "        'Authorization': f'Bearer {access_token}'\n",
    "    }\n",
    "    url = track_url.format(track_id=track_id)\n",
    "    response = requests.get(url, headers=headers)\n",
    "    \n",
    "    if response.status_code == 200:\n",
    "        # Parse the response JSON\n",
    "        audio_features = response.json()\n",
    "        print(\"response is: \", response)\n",
    "\n",
    "        audio_info = {\n",
    "        'danceability': audio_features['danceability'],\n",
    "        'energy': audio_features['energy'], \n",
    "        'loundness': audio_features['loudness'],\n",
    "        'accousticness': audio_features['acousticness'],\n",
    "        'instrumentalness': audio_features['instrumentalness'],\n",
    "        'liveness': audio_features['liveness'],\n",
    "        'tempo': audio_features['tempo'],\n",
    "        'valence': audio_features['valence'],\n",
    "        'key': audio_features['key'],\n",
    "        'mode': audio_features['mode'],\n",
    "        'speechiness': audio_features['speechiness'],\n",
    "        'time_signature': audio_features['time_signature']\n",
    "        }\n",
    "        # +genre from acousticbrainz\n",
    "        \n",
    "        return audio_info\n",
    "    else:\n",
    "        print(f\"Error: {response.status_code}, {response.text}\")  \n",
    "        return 0  "
   ]
  },
  {
   "cell_type": "code",
   "execution_count": null,
   "metadata": {},
   "outputs": [],
   "source": [
    "# Step 3: Process and display the results\n",
    "def display_tracks(data):\n",
    "    if data and 'tracks' in data:\n",
    "        tracks = data['tracks']['items']\n",
    "        for track in tracks:\n",
    "            name = track['name']\n",
    "            artist = track['artists'][0]['name']\n",
    "            album = track['album']['name']\n",
    "            print(f\"Track: {name}, Artist: {artist}, Album: {album}\")\n",
    "    else:\n",
    "        print(\"No tracks found.\")"
   ]
  },
  {
   "cell_type": "markdown",
   "metadata": {},
   "source": [
    "# Genius API"
   ]
  },
  {
   "cell_type": "code",
   "execution_count": null,
   "metadata": {},
   "outputs": [],
   "source": [
    "# Access token\n",
    "\n",
    "access_token= \"\"\n",
    "base_url = \"https://api.genius.com\""
   ]
  },
  {
   "cell_type": "code",
   "execution_count": 64,
   "metadata": {},
   "outputs": [],
   "source": [
    "# Getting lyrics from genius API using song name and artist name\n",
    "def search_track_genius(track_name, artist_name):\n",
    "    search_url = base_url + \"/search\"\n",
    "    query = f\"{track_name} {artist_name}\" \n",
    "    params = {'q': query}\n",
    "    headers = {'Authorization': 'Bearer ' + access_token}\n",
    "    \n",
    "    response = requests.get(search_url, params=params, headers=headers)\n",
    "    \n",
    "    if response.status_code == 200:\n",
    "        return response.json()['response']['hits'][0]['result']['id']\n",
    "    else:\n",
    "        return None\n",
    "\n",
    "def get_lyrics_url(track_id):\n",
    "    song_url = f\"{base_url}/songs/{track_id}\"\n",
    "    headers = {'Authorization': 'Bearer ' + access_token}\n",
    "    \n",
    "    response = requests.get(song_url, headers=headers)\n",
    "    \n",
    "    if response.status_code == 200:\n",
    "        song_info = response.json()['response']['song']\n",
    "        lyrics_path = song_info['path']\n",
    "        return \"https://genius.com\" + lyrics_path\n",
    "    else:\n",
    "        print(\"Error fetching song details:\", response.status_code)\n",
    "        return None\n",
    "\n",
    "import time\n",
    "\n",
    "def get_lyrics(lyrics_url):\n",
    "    headers = {\n",
    "        'User-Agent': 'Mozilla/5.0 (Windows NT 10.0; Win64; x64) AppleWebKit/537.36 (KHTML, like Gecko) Chrome/58.0.3029.110 Safari/537.36'\n",
    "    }\n",
    "    response = requests.get(lyrics_url)\n",
    "    \n",
    "    if response.status_code == 200:\n",
    "        soup = BeautifulSoup(response.text, 'html.parser')        \n",
    "\n",
    "        lyrics_div = soup.find_all('div', {'data-lyrics-container': 'true'})\n",
    "        \n",
    "        if lyrics_div:\n",
    "            lyrics=\"\"\n",
    "            for ly in lyrics_div:\n",
    "                lyr=ly.get_text(separator=\" \")\n",
    "                # print(\"\\n\"+lyr)\n",
    "                lyr=lyr.strip()\n",
    "                lyrics=lyrics+\" \"+lyr\n",
    "            return lyrics\n",
    "\n",
    "        else:\n",
    "            print(\"Lyrics not found on the page.\")\n",
    "            return None\n",
    "    else:\n",
    "        print(\"Error fetching page content:\", response.status_code)\n",
    "        return None    \n",
    "    \n",
    "def clean_lyrics(lyrics):\n",
    "    result = re.sub(r'\\[.*?\\]', '', lyrics)\n",
    "    return result.strip()\n",
    "    \n"
   ]
  },
  {
   "cell_type": "code",
   "execution_count": 69,
   "metadata": {},
   "outputs": [
    {
     "name": "stdout",
     "output_type": "stream",
     "text": [
      "알고 있었어 무슨 말인지 무슨 마음인지 다 알아 하루 더 딱 하루만 더 미루고 싶었어  그래야겠지 결국 언젠간 제일 어려운 숙제를 해야지 마지막 인사가 이렇게 늦어서 미안  많이 보고 싶지만 널 다시는 만나지 않았음 좋겠어 아파 울지만 다신 너로 인해 웃지 않았음 좋겠어 한 움큼씩 나눴던 진심도 너무 쉬웠던 대답도 못 잊게 사랑한 여러 번의 계절도 안녕 모두 안녕  전부 알 것 같아도 더 이상의 이해는 없었음 좋겠어 묻고 싶지만 끝내 그 대답을 듣지 못했음 좋겠어 변함없이 정직한 두 눈도 약속한 겨울바다도 못 잊게 행복했던 어린 날의 나도 안녕 모두 안녕  안녕 모두\n"
     ]
    }
   ],
   "source": [
    "# trial of genius:\n",
    "\n",
    "song_id=search_track_genius(\"Full Stop\", \"IU\")\n",
    "url=get_lyrics_url(song_id)\n",
    "lyrics=get_lyrics(url)\n",
    "lyrics_cleaned=clean_lyrics(lyrics)\n",
    "print(lyrics_cleaned)"
   ]
  },
  {
   "cell_type": "code",
   "execution_count": null,
   "metadata": {},
   "outputs": [],
   "source": [
    "def main():\n",
    "    # Get access token\n",
    "    access_token = get_access_token(CLIENT_ID, CLIENT_SECRET)\n",
    "    if not access_token:\n",
    "        return\n",
    "\n",
    "    # Search for tracks from the year 2017\n",
    "    year = 2017\n",
    "    data = search_tracks(year, access_token)\n",
    "    if data:\n",
    "        display_tracks(data)"
   ]
  },
  {
   "cell_type": "code",
   "execution_count": null,
   "metadata": {},
   "outputs": [],
   "source": [
    "main()"
   ]
  },
  {
   "cell_type": "markdown",
   "metadata": {},
   "source": [
    "# Testing"
   ]
  },
  {
   "cell_type": "code",
   "execution_count": 17,
   "metadata": {},
   "outputs": [
    {
     "name": "stdout",
     "output_type": "stream",
     "text": [
      "BQCy2qNav5fqnbNEA4ierc2_scMZ5nMW2A3mUdDxecmrgb6mZpF1Xtv3edTHtckplH4Qb1AA1pybYXqRZ4fO5-cLWk6J2-acjkQE8zvUUBeO-LQf0RJ1KlahnsYhLpVvNHIn5bejRiM\n"
     ]
    }
   ],
   "source": [
    "# trial\n",
    "access_token=get_access_token(CLIENT_ID, CLIENT_SECRET)\n",
    "print(access_token)"
   ]
  },
  {
   "cell_type": "code",
   "execution_count": 25,
   "metadata": {},
   "outputs": [
    {
     "name": "stdout",
     "output_type": "stream",
     "text": [
      "the track id is:  7o1Pm9jpH0wFpN5g793Lnq\n"
     ]
    }
   ],
   "source": [
    "track_id=get_track_id(\"Can't Remember to Forget You\", \"Shakira\", access_token)\n",
    "print(\"the track id is: \", track_id)"
   ]
  },
  {
   "cell_type": "code",
   "execution_count": 43,
   "metadata": {},
   "outputs": [
    {
     "name": "stdout",
     "output_type": "stream",
     "text": [
      "{'track_name': \"Can't Remember to Forget You (feat. Rihanna)\", 'main_artist': 'Shakira', 'all_artists': ['Shakira', 'Rihanna'], 'popularity': 75, 'duration_ms': 206866, 'explicit': False, 'release_date': '2014-03-13'}\n"
     ]
    }
   ],
   "source": [
    "track_features=get_track_features(track_id, access_token)\n",
    "print(track_features)"
   ]
  },
  {
   "cell_type": "code",
   "execution_count": 41,
   "metadata": {},
   "outputs": [
    {
     "name": "stdout",
     "output_type": "stream",
     "text": [
      "7o1Pm9jpH0wFpN5g793Lnq\n",
      "Error: 403, {\n",
      "  \"error\" : {\n",
      "    \"status\" : 403\n",
      "  }\n",
      "}\n",
      "0\n"
     ]
    }
   ],
   "source": [
    "print(track_id)\n",
    "audio_features= get_audio_features(track_id, access_token)\n",
    "print(audio_features)"
   ]
  },
  {
   "cell_type": "code",
   "execution_count": 58,
   "metadata": {},
   "outputs": [
    {
     "name": "stdout",
     "output_type": "stream",
     "text": [
      "6eUKZXaKkcviH0Ku9w2n3V\n",
      "{'artist_name': 'Ed Sheeran', 'genres': ['soft pop'], 'popularity': 86, 'followers': 119016545}\n"
     ]
    }
   ],
   "source": [
    "artist_id=get_artist_id('Ed Sheeran', access_token)\n",
    "print(artist_id)\n",
    "print(get_artist_features(artist_id, access_token))\n"
   ]
  },
  {
   "cell_type": "code",
   "execution_count": null,
   "metadata": {},
   "outputs": [
    {
     "name": "stdout",
     "output_type": "stream",
     "text": [
      "df3543df-dd02-4415-a92b-15ee3e3da451\n",
      "{'lowlevel': {'average_loudness': 0.176546141505, 'barkbands': {'dmean': [0.00017897055659, 0.0012574052671, 0.00115160318092, 0.00102260848507, 0.00076425872976, 0.000555977749173, 0.000363094441127, 0.000401642580982, 0.00047751609236, 0.000346384389559, 0.000281093234662, 0.000397704861825, 0.000196910667, 0.00016621578834, 0.000146816775668, 0.000157416288857, 0.000112168025225, 0.000119244417874, 0.000208410259802, 0.000159488219651, 5.59538930247e-05, 4.65036646347e-05, 3.46003689629e-05, 2.47892203333e-05, 1.15157090477e-05, 4.21993490818e-06, 3.73914701868e-07], 'dmean2': [0.000259010790614, 0.0019153743051, 0.00193184183445, 0.00172600487713, 0.00122013385408, 0.00086599617498, 0.000557129329536, 0.000624737585895, 0.000762790150475, 0.000539103813935, 0.000430005748058, 0.000633610819932, 0.000305414112518, 0.000261923094513, 0.000228198579862, 0.000251225195825, 0.000174511951627, 0.000187530269613, 0.000321572762914, 0.000245804956648, 8.66927657626e-05, 7.15086134733e-05, 5.0735376135e-05, 3.44849031535e-05, 1.58498060046e-05, 5.86661963098e-06, 5.4670482541e-07], 'dvar': [4.13020387668e-07, 1.1384672689e-05, 9.24399500946e-06, 1.39572030093e-05, 3.46919114236e-06, 2.44898387791e-06, 9.58009763963e-07, 1.45406806951e-06, 1.58086754709e-06, 1.11341500997e-06, 7.27523286059e-07, 1.78217078428e-06, 3.58484641083e-07, 2.22514728421e-07, 2.34896489815e-07, 5.37322307537e-07, 6.74450788551e-08, 6.21437337145e-08, 2.85420668433e-07, 1.24202941265e-07, 1.8776308508e-08, 1.86427602245e-08, 1.07247641878e-08, 8.90302676027e-09, 2.5623672073e-09, 8.67607596877e-10, 3.09814500443e-12], 'dvar2': [7.9820171095e-07, 2.22171456699e-05, 2.59158405242e-05, 3.85985440516e-05, 8.87130499905e-06, 5.90240233578e-06, 2.25869280257e-06, 3.64697257282e-06, 3.9935107452e-06, 2.79449113805e-06, 1.7367746068e-06, 4.56199040855e-06, 8.61982698552e-07, 5.12234350936e-07, 5.2738192835e-07, 1.34965080179e-06, 1.52296948386e-07, 1.50252006392e-07, 6.43426005809e-07, 2.98588133774e-07, 4.48900756567e-08, 4.46107826235e-08, 2.24325447107e-08, 1.37992843818e-08, 4.26820268018e-09, 1.41092082462e-09, 6.18206701108e-12], 'max': [0.0183394458145, 0.103238642216, 0.0554306283593, 0.0958159714937, 0.0483130551875, 0.0615485608578, 0.0341812223196, 0.0295224636793, 0.036822527647, 0.025537032634, 0.0272205639631, 0.048110190779, 0.0172496475279, 0.0137372901663, 0.022132800892, 0.0302725080401, 0.00665479619056, 0.0069384444505, 0.0240089595318, 0.00944826472551, 0.0070912130177, 0.00458831479773, 0.00595917366445, 0.0049110930413, 0.0027314547915, 0.00213330797851, 7.69194084569e-05], 'mean': [0.000220316287596, 0.00206224177964, 0.00216542812996, 0.00161311356351, 0.001610575011, 0.00106977042742, 0.000681104895193, 0.000663182756398, 0.000843102345243, 0.000606791465543, 0.00047594984062, 0.000714706606232, 0.000316350604407, 0.000289073184831, 0.000237741202, 0.000271644501481, 0.000214818894165, 0.000259369931882, 0.000484153919388, 0.000418655195972, 0.000147408907651, 0.000116262999654, 8.5072730144e-05, 6.04193737672e-05, 2.78244133369e-05, 8.87974420039e-06, 7.26972245957e-07], 'median': [1.319758303e-05, 0.000457801652374, 0.00032867884147, 0.000135132111609, 0.000483227660879, 0.000297377002425, 0.000134107467602, 0.00010378616571, 0.000155610701768, 0.000106771389255, 4.11974542658e-05, 6.84829283273e-05, 4.28131643275e-05, 4.00726239604e-05, 4.249722042e-05, 3.84622326237e-05, 5.26974399691e-05, 7.64856595197e-05, 7.61186165619e-05, 8.22318615974e-05, 1.76509274752e-05, 7.94014522398e-06, 8.24684866529e-06, 7.6168112173e-06, 2.74030139735e-06, 6.42752979729e-07, 1.00645365819e-07], 'min': [1.03272798495e-24, 2.56876401858e-24, 3.00389121365e-24, 3.35999919791e-24, 5.00530548312e-24, 1.52347989237e-23, 2.63293434279e-23, 7.5769190645e-24, 2.16081718378e-23, 1.32024897057e-23, 1.32978061912e-23, 2.07289879366e-23, 3.21175156567e-23, 4.93812096083e-23, 6.45875637855e-23, 5.49135731782e-23, 6.33351619015e-23, 1.05979385783e-22, 1.05084123319e-22, 1.78927789692e-22, 2.80364295916e-22, 2.84879205623e-22, 3.53139958218e-22, 5.86326055355e-22, 8.5430147377e-22, 1.47512233392e-21, 2.012680478e-21], 'var': [6.40942573682e-07, 2.41972447839e-05, 1.62002725119e-05, 1.91991111933e-05, 9.0895282483e-06, 5.78054050493e-06, 2.67660743702e-06, 3.15180682264e-06, 3.64826951227e-06, 2.55496183854e-06, 1.74498313754e-06, 4.25019152317e-06, 7.05284435298e-07, 5.66648111544e-07, 3.97213057113e-07, 1.37315657867e-06, 1.7240051875e-07, 2.00233827741e-07, 1.01967350474e-06, 5.94837786139e-07, 9.71657954096e-08, 8.11348002117e-08, 3.95732229208e-08, 2.85254202481e-08, 7.97887089732e-09, 2.24092722156e-09, 8.0614655576e-12]}, 'barkbands_crest': {'dmean': 2.14636445045, 'dmean2': 3.44073081017, 'dvar': 4.6157207489, 'dvar2': 11.4376964569, 'max': 26.9169921875, 'mean': 10.1930456161, 'median': 9.31697463989, 'min': 2.39154529572, 'var': 19.0877189636}, 'barkbands_flatness_db': {'dmean': 0.0168163310736, 'dmean2': 0.0253031346947, 'dvar': 0.000374100753106, 'dvar2': 0.000752191990614, 'max': 1, 'mean': 0.151527434587, 'median': 0.142116978765, 'min': 0.0185272116214, 'var': 0.00437928549945}, 'barkbands_kurtosis': {'dmean': 2.82002997398, 'dmean2': 4.35475301743, 'dvar': 93.1955718994, 'dvar2': 205.126754761, 'max': 521.32043457, 'mean': 5.42996025085, 'median': 1.33082675934, 'min': -1.92943656445, 'var': 277.802642822}, 'barkbands_skewness': {'dmean': 0.485474467278, 'dmean2': 0.718036293983, 'dvar': 0.406478732824, 'dvar2': 0.806042194366, 'max': 21.3453598022, 'mean': 1.49368822575, 'median': 1.26464295387, 'min': -12.8071670532, 'var': 2.38343572617}, 'barkbands_spread': {'dmean': 4.53144931793, 'dmean2': 6.82395362854, 'dvar': 37.4308929443, 'dvar2': 77.5177459717, 'max': 123.526283264, 'mean': 21.7457447052, 'median': 19.710067749, 'min': 0.00306499516591, 'var': 212.39251709}, 'dissonance': {'dmean': 0.0179049503058, 'dmean2': 0.0302444249392, 'dvar': 0.000399920041673, 'dvar2': 0.00110098556615, 'max': 0.499999970198, 'mean': 0.461888283491, 'median': 0.471659600735, 'min': 0, 'var': 0.00111195934005}, 'dynamic_complexity': 7.14694547653, 'erbbands': {'dmean': [0.0505430437624, 0.267005413771, 1.0865252018, 2.57452702522, 2.58245253563, 3.15950679779, 3.35024619102, 5.05815601349, 4.82733201981, 5.43209409714, 10.8649749756, 10.502322197, 11.1998634338, 11.293759346, 9.34729480743, 16.1797904968, 8.98129081726, 8.14551734924, 7.37021541595, 7.62064886093, 7.50437116623, 5.66268348694, 6.35277509689, 8.88615989685, 9.81311893463, 7.33025074005, 3.00420594215, 1.75200128555, 1.88766098022, 1.2740124464, 0.955187141895, 0.654259502888, 0.373733341694, 0.177885890007, 0.0626489594579, 0.0189580954611, 0.00800119619817, 0.00154183863197, 6.1237893533e-05, 7.62616127759e-06], 'dmean2': [0.0731578469276, 0.43716353178, 1.82542800903, 4.29233264923, 4.33559608459, 4.99920320511, 5.32657670975, 7.87933635712, 7.38055372238, 8.38038253784, 16.970079422, 16.7815170288, 17.4158706665, 17.5825061798, 14.3762989044, 25.4984703064, 13.8987970352, 12.7171087265, 11.4106111526, 11.9156103134, 11.6039552689, 8.7168302536, 9.85690402985, 13.7166624069, 14.9212236404, 11.3182754517, 4.64416027069, 2.7052423954, 2.96052575111, 1.88069021702, 1.40762674809, 0.938379466534, 0.521465778351, 0.250606000423, 0.0879074707627, 0.0257411729544, 0.0111214285716, 0.00220347708091, 8.37530460558e-05, 1.04122773337e-05], 'dvar': [0.0284141059965, 0.434677630663, 8.18109703064, 63.36120224, 73.6807556152, 62.9913253784, 63.6203994751, 265.424468994, 157.596969604, 252.657394409, 1094.52770996, 825.822509766, 1311.13305664, 1335.67443848, 746.944274902, 3184.19604492, 709.616638184, 465.672912598, 461.090118408, 1101.41259766, 1198.26477051, 171.496673584, 184.838638306, 646.809753418, 654.766723633, 275.947601318, 51.4424285889, 23.6704940796, 31.8177318573, 12.7232732773, 10.6495723724, 5.90707349777, 2.40953779221, 0.48819604516, 0.115332819521, 0.0152091337368, 0.0032320804894, 0.000104339975223, 8.73662955314e-08, 4.08079015024e-10], 'dvar2': [0.0501275509596, 1.06747019291, 23.2164344788, 169.185134888, 206.22807312, 152.752441406, 163.188568115, 637.190551758, 361.667388916, 621.402404785, 2810.53564453, 2094.93164063, 3296.06347656, 3246.82714844, 1856.74597168, 8097.88085938, 1741.79748535, 1124.29833984, 1032.14990234, 2352.26367188, 2513.43164063, 390.871917725, 443.638702393, 1387.14562988, 1569.69836426, 664.399414063, 119.501312256, 56.4891624451, 78.3160705566, 28.1787414551, 22.8514785767, 11.4555368423, 4.12667322159, 0.914096534252, 0.192846149206, 0.0210504475981, 0.00544660864398, 0.000192328370758, 1.3581774283e-07, 6.22466855837e-10], 'max': [4.73411226273, 17.700460434, 53.5169677734, 160.74937439, 359.299133301, 208.90007019, 210.71963501, 750.598510742, 516.49005127, 522.537841797, 948.65625, 826.910705566, 929.551452637, 1083.80737305, 674.076904297, 2255.24291992, 669.64831543, 727.938781738, 793.941040039, 1441.00341797, 1628.38354492, 383.521179199, 350.049133301, 1058.26867676, 1213.80883789, 551.307373047, 307.658721924, 314.36730957, 225.976852417, 116.619247437, 238.493041992, 111.698875427, 85.5456390381, 27.4937477112, 20.4930477142, 10.5619564056, 4.37371349335, 0.683649241924, 0.0157293975353, 0.000798973313067], 'mean': [0.072245568037, 0.432627379894, 2.06098890305, 4.61402320862, 4.44399118423, 6.53975915909, 6.53252124786, 9.17367267609, 9.60905838013, 9.76430034637, 19.0410842896, 18.8478736877, 19.9423675537, 21.2468585968, 17.3364143372, 30.2774677277, 16.48620224, 15.2158613205, 13.7516345978, 13.3568725586, 14.091627121, 12.1158885956, 14.0595016479, 20.0834007263, 25.3230991364, 19.6962566376, 8.51111507416, 4.78430509567, 4.51326227188, 3.17289209366, 2.30939984322, 1.53172123432, 0.866610109806, 0.410205066204, 0.144675955176, 0.0424611493945, 0.016429534182, 0.0030722937081, 0.000142422795761, 2.75644015346e-05], 'median': [0.0113866431639, 0.109387859702, 0.384119033813, 0.681486785412, 0.862951993942, 1.72190511227, 2.24677944183, 2.08087968826, 2.10321378708, 2.10780668259, 3.32982707024, 3.65772628784, 3.98159217834, 2.79605555534, 2.47087430954, 3.3370013237, 2.91324615479, 3.13945913315, 2.87714862823, 2.29805350304, 2.73316764832, 3.55291247368, 4.5359210968, 3.59472799301, 4.94124221802, 3.7330532074, 1.42546963692, 0.528946042061, 0.31561255455, 0.25691652298, 0.233713313937, 0.187952786684, 0.104146137834, 0.0378010421991, 0.0153983356431, 0.00415236223489, 0.0011544211302, 0.00024226095411, 2.50380380749e-05, 1.28455849335e-05], 'min': [1.29981696826e-22, 5.54016231187e-22, 4.75320759752e-21, 1.52065087182e-20, 1.85617956208e-20, 1.81078075582e-20, 4.79780943464e-20, 1.1825803137e-19, 3.31825958418e-19, 1.39776475846e-19, 3.44405230035e-19, 4.9840630436e-19, 4.80467445211e-19, 7.64862944854e-19, 9.65906349301e-19, 9.96598058749e-19, 1.88091131243e-18, 2.41873091182e-18, 3.69988127264e-18, 4.38460732164e-18, 3.5821379027e-18, 4.95087118075e-18, 6.34336439472e-18, 4.21028148908e-18, 7.37138197846e-18, 7.30689332354e-18, 1.00854178165e-17, 9.06300355426e-18, 1.04742324091e-17, 1.02082260133e-17, 1.13390753821e-17, 1.03875413994e-17, 1.098754761e-17, 8.23609342976e-18, 6.21486726323e-18, 4.83338547758e-18, 2.59600853839e-18, 9.88996785908e-19, 2.73954981047e-19, 2.78825330021e-20], 'var': [0.0544873401523, 0.735749840736, 13.6991539001, 101.6537323, 99.3280639648, 194.57119751, 158.143600464, 552.823303223, 475.250518799, 603.342346191, 2363.10986328, 1878.13000488, 2951.52099609, 3257.92333984, 1778.73535156, 7923.01123047, 1591.54846191, 1174.12463379, 1078.58959961, 2085.17333984, 2798.05493164, 480.439697266, 580.18939209, 1810.91772461, 2602.59814453, 1318.13208008, 272.729400635, 118.782501221, 129.530807495, 56.2116851807, 31.9509334564, 16.6984844208, 6.38217735291, 1.39501547813, 0.323816418648, 0.0455929376185, 0.00810294225812, 0.000245071365498, 2.75820468687e-07, 1.90504700903e-09]}, 'erbbands_crest': {'dmean': 2.51199483871, 'dmean2': 3.9958460331, 'dvar': 6.6861987114, 'dvar2': 15.4081840515, 'max': 35.7713775635, 'mean': 10.3605117798, 'median': 9.02354812622, 'min': 2.13545298576, 'var': 28.3415546417}, 'erbbands_flatness_db': {'dmean': 0.015106940642, 'dmean2': 0.0217203255743, 'dvar': 0.00026875801268, 'dvar2': 0.00050054397434, 'max': 0.416692465544, 'mean': 0.185045957565, 'median': 0.177554011345, 'min': 0.0383803807199, 'var': 0.00336482445709}, 'erbbands_kurtosis': {'dmean': 1.10497069359, 'dmean2': 1.70748341084, 'dvar': 18.2582378387, 'dvar2': 37.8012771606, 'max': 319.869018555, 'mean': 1.13065648079, 'median': -0.114330902696, 'min': -1.88325572014, 'var': 61.2297401428}, 'erbbands_skewness': {'dmean': 0.345463126898, 'dmean2': 0.516012966633, 'dvar': 0.172029569745, 'dvar2': 0.355165630579, 'max': 16.635892868, 'mean': 0.26237025857, 'median': 0.214828386903, 'min': -7.31353664398, 'var': 1.1550014019}, 'erbbands_spread': {'dmean': 6.60539197922, 'dmean2': 9.86870956421, 'dvar': 61.22315979, 'dvar2': 131.460845947, 'max': 157.96875, 'mean': 35.4961128235, 'median': 33.6426696777, 'min': 1.59523177147, 'var': 340.409790039}, 'gfcc': {'cov': [[22682.4160156, -30.7800941467, -1062.90332031, 3135.70141602, -824.084106445, 1372.79309082, 436.522857666, 487.465576172, -229.420394897, 76.9099731445, -90.6383132935, -396.102996826, -390.252349854], [-30.7800941467, 1956.7734375, 291.974700928, 12.8659486771, 520.942993164, -132.055267334, 268.105224609, -81.1521759033, 72.0620956421, -65.7047958374, -16.1881961823, -147.541534424, 25.5553836823], [-1062.90332031, 291.974700928, 1240.01025391, 371.849456787, 312.154632568, 301.348693848, 133.203384399, 5.9971613884, 39.2484359741, 2.68478345871, -137.126571655, 6.37423229218, -23.5184001923], [3135.70141602, 12.8659486771, 371.849456787, 1255.77807617, 202.659240723, 373.390777588, 185.270065308, 40.8138999939, 44.8718032837, 3.28109288216, -114.417022705, -79.4996261597, -50.1010551453], [-824.084106445, 520.942993164, 312.154632568, 202.659240723, 592.279174805, 84.7505645752, 161.427307129, 5.56303882599, 39.8745346069, -11.2411603928, -78.8085708618, -56.1047554016, 25.8048210144], [1372.79309082, -132.055267334, 301.348693848, 373.390777588, 84.7505645752, 559.486328125, 240.909484863, 76.924369812, -32.8116798401, 23.7935028076, -24.7309799194, -58.8479690552, -67.6042022705], [436.522857666, 268.105224609, 133.203384399, 185.270065308, 161.427307129, 240.909484863, 381.047790527, 94.2356948853, 2.16988182068, 10.8617353439, -29.4726085663, -65.6154251099, -39.539352417], [487.465576172, -81.1521759033, 5.9971613884, 40.8138999939, 5.56303882599, 76.924369812, 94.2356948853, 197.430114746, 28.9181594849, 1.22531747818, -9.64480400085, -22.8874359131, -7.43499565125], [-229.420394897, 72.0620956421, 39.2484359741, 44.8718032837, 39.8745346069, -32.8116798401, 2.16988182068, 28.9181594849, 159.131103516, 51.4896354675, -30.6034259796, 2.05688810349, 17.9482898712], [76.9099731445, -65.7047958374, 2.68478345871, 3.28109288216, -11.2411603928, 23.7935028076, 10.8617353439, 1.22531747818, 51.4896354675, 121.393707275, 37.7314109802, 10.6983127594, -6.77881622314], [-90.6383132935, -16.1881961823, -137.126571655, -114.417022705, -78.8085708618, -24.7309799194, -29.4726085663, -9.64480400085, -30.6034259796, 37.7314109802, 165.144638062, 37.643245697, 0.9565320611], [-396.102996826, -147.541534424, 6.37423229218, -79.4996261597, -56.1047554016, -58.8479690552, -65.6154251099, -22.8874359131, 2.05688810349, 10.6983127594, 37.643245697, 133.571456909, 45.6632804871], [-390.252349854, 25.5553836823, -23.5184001923, -50.1010551453, 25.8048210144, -67.6042022705, -39.539352417, -7.43499565125, 17.9482898712, -6.77881622314, 0.9565320611, 45.6632804871, 98.2125549316]], 'icov': [[0.000284934125375, -0.000586033333093, 0.000639497069642, -0.000824335787911, 0.000736118701752, -0.000782567483839, 0.00074621924432, -0.00100589136127, 0.00100875401404, -0.000955104304012, 0.00088889739709, -0.000523252470884, 0.000493843399454], [-0.000586033333093, 0.00232932902873, -0.00165094411932, 0.00177158950828, -0.00209623179398, 0.00239658262581, -0.00263126287609, 0.0029630123172, -0.00288282707334, 0.00300239445642, -0.00295491865836, 0.00249374657869, -0.00145750225056], [0.000639497069642, -0.00165094411932, 0.00274383462965, -0.00194320944138, 0.00126734201331, -0.00260719237849, 0.0021699485369, -0.00239223125391, 0.00234410539269, -0.00250531639904, 0.00314680067822, -0.00248722569086, 0.00172574736644], [-0.000824335787911, 0.00177158950828, -0.00194320944138, 0.00349359004758, -0.00232856045477, 0.00163676426746, -0.00220778817311, 0.00310403155163, -0.00337411905639, 0.00295974733308, -0.00224881526083, 0.00177359953523, -0.00131684925873], [0.000736118701752, -0.00209623179398, 0.00126734201331, -0.00232856045477, 0.00469731306657, -0.00208468060009, 0.00142524531111, -0.00257580284961, 0.00270651141182, -0.0028312872164, 0.00303348922171, -0.000939861754887, 1.30918779178e-05], [-0.000782567483839, 0.00239658262581, -0.00260719237849, 0.00163676426746, -0.00208468060009, 0.00618488388136, -0.00433709286153, 0.00277788005769, -0.00205270154402, 0.00241031195037, -0.00346114882268, 0.00276291533373, -0.000962633406743], [0.00074621924432, -0.00263126287609, 0.0021699485369, -0.00220778817311, 0.00142524531111, -0.00433709286153, 0.00754482159391, -0.00496942317113, 0.00357316900045, -0.00381617178209, 0.00351473782212, -0.00212227622978, 0.00238065770827], [-0.00100589136127, 0.0029630123172, -0.00239223125391, 0.00310403155163, -0.00257580284961, 0.00277788005769, -0.00496942317113, 0.0105009833351, -0.00594782456756, 0.00516077550128, -0.00424521230161, 0.00348426145501, -0.00250957719982], [0.00100875401404, -0.00288282707334, 0.00234410539269, -0.00337411905639, 0.00270651141182, -0.00205270154402, 0.00357316900045, -0.00594782456756, 0.013529740274, -0.00921405572444, 0.00640779454261, -0.00282799638808, 0.00060664099874], [-0.000955104304012, 0.00300239445642, -0.00250531639904, 0.00295974733308, -0.0028312872164, 0.00241031195037, -0.00381617178209, 0.00516077550128, -0.00921405572444, 0.0159962624311, -0.00755177764222, 0.00247525284067, -0.000698449613992], [0.00088889739709, -0.00295491865836, 0.00314680067822, -0.00224881526083, 0.00303348922171, -0.00346114882268, 0.00351473782212, -0.00424521230161, 0.00640779454261, -0.00755177764222, 0.0127213066444, -0.00528969522566, 0.0024646949023], [-0.000523252470884, 0.00249374657869, -0.00248722569086, 0.00177359953523, -0.000939861754887, 0.00276291533373, -0.00212227622978, 0.00348426145501, -0.00282799638808, 0.00247525284067, -0.00528969522566, 0.0138141056523, -0.00654434086755], [0.000493843399454, -0.00145750225056, 0.00172574736644, -0.00131684925873, 1.30918779178e-05, -0.000962633406743, 0.00238065770827, -0.00250957719982, 0.00060664099874, -0.000698449613992, 0.0024646949023, -0.00654434086755, 0.0152271026745]], 'mean': [-94.9321594238, 89.9255142212, -128.028579712, 24.9429798126, -58.0080223083, -1.63385140896, -34.3433303833, 6.50939750671, -27.6180171967, -3.9340493679, -9.6161403656, -5.02754449844, -9.80089092255]}, 'hfc': {'dmean': 2.98096728325, 'dmean2': 4.07144165039, 'dvar': 27.3471775055, 'dvar2': 48.4949417114, 'max': 150.972167969, 'mean': 13.858300209, 'median': 6.40879583359, 'min': 1.10804926015e-16, 'var': 310.160491943}, 'melbands': {'dmean': [0.000378462806111, 0.000466465193313, 0.000431398308137, 0.000191431521671, 0.000115021633974, 0.000109728054667, 7.49524115236e-05, 6.01892134e-05, 9.54424540396e-05, 6.66196501697e-05, 5.58531792194e-05, 4.5476732339e-05, 3.203522283e-05, 4.4130403694e-05, 3.26950030285e-05, 1.75712048076e-05, 1.67230009538e-05, 1.29156178446e-05, 1.04571727206e-05, 1.19946025734e-05, 8.81941377884e-06, 6.63320497551e-06, 6.61088870402e-06, 5.49120659343e-06, 8.30704175314e-06, 8.07741616882e-06, 7.49137643652e-06, 5.04744821228e-06, 2.28627254728e-06, 1.6068847799e-06, 1.00505883438e-06, 1.22883193399e-06, 9.07658375127e-07, 7.37300752007e-07, 6.12184635429e-07, 5.18369176916e-07, 3.96387861201e-07, 2.85278218826e-07, 2.34618653394e-07, 1.41278988508e-07], 'dmean2': [0.000558189640287, 0.00077904650243, 0.00072055979399, 0.000307062815409, 0.000181678871741, 0.000170470579178, 0.000114654671052, 9.26598149817e-05, 0.000149446525029, 0.000106420171505, 8.71579904924e-05, 7.11133761797e-05, 4.91450482514e-05, 6.96570423315e-05, 5.13600352861e-05, 2.7298267014e-05, 2.6272418836e-05, 2.01186521736e-05, 1.60919134942e-05, 1.91850995179e-05, 1.3639941244e-05, 1.0302865121e-05, 1.03674665297e-05, 8.59824558574e-06, 1.29516029119e-05, 1.25140604723e-05, 1.16328310469e-05, 7.92806167738e-06, 3.59612090506e-06, 2.56865223491e-06, 1.58397278938e-06, 1.96555879484e-06, 1.40547217597e-06, 1.1185790072e-06, 9.31690692596e-07, 7.62366141771e-07, 5.87563704357e-07, 4.12645192682e-07, 3.46553491681e-07, 2.05662047392e-07], 'dvar': [1.28866588511e-06, 1.38156315188e-06, 1.89088882507e-06, 2.46426992589e-07, 6.7229166234e-08, 1.11236225564e-07, 3.78405822232e-08, 2.92994624118e-08, 8.14233516166e-08, 3.2970774555e-08, 3.29504281638e-08, 2.14275797106e-08, 8.67872973487e-09, 2.42751276858e-08, 1.33700837068e-08, 2.36177122304e-09, 2.19803242274e-09, 1.57526114375e-09, 1.41235734219e-09, 3.05150993363e-09, 1.27979138398e-09, 2.57107501955e-10, 2.01620622975e-10, 1.60649341052e-10, 6.41671493717e-10, 4.91584217777e-10, 3.01235481004e-10, 1.46536921486e-10, 3.13511751282e-11, 1.69420224377e-11, 8.68877018945e-12, 1.35270596807e-11, 7.46656295819e-12, 4.18227822166e-12, 4.27554259358e-12, 2.99974975415e-12, 2.18515